ll
1
0
1
09/06/2026 11:38
2000.000000
2000.000000
100
100
0
1
0
100
25
280.000000
0
1
0
1.575134
12
3582.796387 588.433350 40 40 0 149.000000 0 0
680.672363 2223.403320 40 40 0 124.000000 0 0
1956.044067 608.225220 40 40 0 125.000000 0 0
3247.012939 969.349609 40 40 0 151.000000 0 0
3980.000000 256.765503 40 40 0 148.000000 0 0
271.333832 3857.905029 40 40 0 134.000000 0 0
1020.434143 2887.746094 40 40 0 127.000000 0 0
2154.389648 3030.696045 40 40 0 128.000000 0 0
1679.544922 987.086182 40 40 0 160.000000 0 0
2476.078613 3249.944336 40 40 0 143.000000 0 0
3868.464600 2540.967529 40 40 0 128.000000 0 0
1849.911499 3662.874023 40 40 0 156.000000 0 0
